DFS: (0, 0) -> (24, 24)
Cost: 95
Visited: 426
Expanded: 360
Path: (0, 0)(1, 0)(2, 0)(3, 0)(4, 0)(5, 0)(6, 0)(7, 0)(8, 0)(9, 0)(10, 0)(11, 0)(12, 0)(13, 0)(14, 0)(15, 0)(16, 0)(17, 0)(18, 0)(19, 0)(20, 0)(21, 0)(22, 0)(23, 0)(24, 0)(24, 1)(24, 2)(23, 2)(22, 2)(21, 2)(20, 2)(20, 3)(20, 4)(21, 4)(22, 4)(23, 4)(24, 4)(24, 5)(24, 6)(24, 7)(23, 7)(22, 7)(21, 7)(20, 7)(19, 7)(19, 8)(19, 9)(20, 9)(20, 10)(20, 11)(19, 11)(19, 12)(19, 13)(20, 13)(20, 14)(21, 14)(21, 15)(22, 15)(22, 16)(23, 16)(23, 17)(24, 17)(24, 18)(24, 19)(23, 19)(22, 19)(21, 19)(20, 19)(19, 19)(18, 19)(17, 19)(16, 19)(15, 19)(14, 19)(13, 19)(12, 19)(11, 19)(11, 20)(11, 21)(12, 21)(13, 21)(13, 22)(13, 23)(14, 23)(15, 23)(16, 23)(17, 23)(18, 23)(19, 23)(20, 23)(21, 23)(22, 23)(23, 23)(24, 23)(24, 24)

BFS: (0, 0) -> (24, 24)
Cost: 49
Visited: 449
Expanded: 450
Path: (0, 0)(0, 1)(0, 2)(0, 3)(1, 3)(2, 3)(3, 3)(3, 4)(3, 5)(3, 6)(4, 6)(5, 6)(5, 7)(5, 8)(5, 9)(5, 10)(5, 11)(5, 12)(5, 13)(5, 14)(5, 15)(5, 16)(6, 16)(7, 16)(8, 16)(9, 16)(9, 17)(10, 17)(11, 17)(11, 18)(11, 19)(11, 20)(11, 21)(11, 22)(11, 23)(12, 23)(13, 23)(14, 23)(15, 23)(16, 23)(17, 23)(18, 23)(19, 23)(19, 24)(20, 24)(21, 24)(22, 24)(23, 24)(24, 24)

A*: (0, 0) -> (24, 24)
Cost: 49
Visited: 91
Expanded: 50
Path: (0, 0)(0, 1)(1, 1)(1, 2)(2, 2)(2, 3)(3, 3)(3, 4)(4, 4)(4, 5)(5, 5)(5, 6)(5, 7)(5, 8)(6, 8)(7, 8)(8, 8)(8, 9)(9, 9)(9, 10)(10, 10)(10, 11)(11, 11)(11, 12)(12, 12)(12, 13)(13, 13)(13, 14)(14, 14)(14, 15)(15, 15)(15, 16)(16, 16)(16, 17)(17, 17)(18, 17)(19, 17)(20, 17)(21, 17)(21, 18)(21, 19)(21, 20)(21, 21)(21, 22)(22, 22)(22, 23)(23, 23)(23, 24)(24, 24)

DFS: (2, 11) -> (2, 21)
Cost: 123
Visited: 312
Expanded: 221
Path: (2, 11)(3, 11)(3, 10)(4, 10)(5, 10)(6, 10)(7, 10)(8, 10)(9, 10)(10, 10)(11, 10)(12, 10)(13, 10)(14, 10)(14, 9)(15, 9)(16, 9)(17, 9)(17, 8)(17, 7)(16, 7)(15, 7)(14, 7)(13, 7)(13, 6)(13, 5)(14, 5)(15, 5)(16, 5)(17, 5)(17, 4)(17, 3)(16, 3)(15, 3)(14, 3)(13, 3)(13, 2)(13, 1)(14, 1)(15, 1)(16, 1)(17, 1)(17, 0)(18, 0)(19, 0)(20, 0)(21, 0)(22, 0)(23, 0)(24, 0)(24, 1)(24, 2)(23, 2)(22, 2)(21, 2)(20, 2)(20, 3)(20, 4)(21, 4)(22, 4)(23, 4)(24, 4)(24, 5)(24, 6)(24, 7)(23, 7)(22, 7)(21, 7)(20, 7)(19, 7)(19, 8)(19, 9)(20, 9)(20, 10)(20, 11)(19, 11)(19, 12)(19, 13)(20, 13)(20, 14)(21, 14)(21, 15)(22, 15)(22, 16)(23, 16)(23, 17)(24, 17)(24, 18)(24, 19)(23, 19)(22, 19)(21, 19)(20, 19)(19, 19)(18, 19)(17, 19)(16, 19)(15, 19)(14, 19)(13, 19)(12, 19)(11, 19)(11, 18)(11, 17)(10, 17)(9, 17)(9, 16)(8, 16)(7, 16)(7, 17)(7, 18)(6, 18)(5, 18)(4, 18)(3, 18)(2, 18)(1, 18)(0, 18)(0, 19)(0, 20)(1, 20)(2, 20)(2, 21)

BFS: (2, 11) -> (2, 21)
Cost: 21
Visited: 269
Expanded: 252
Path: (2, 11)(2, 12)(2, 13)(2, 14)(2, 15)(2, 16)(3, 16)(4, 16)(5, 16)(6, 16)(7, 16)(7, 17)(7, 18)(7, 19)(6, 19)(5, 19)(4, 19)(3, 19)(2, 19)(2, 20)(2, 21)

A*: (2, 11) -> (2, 21)
Cost: 21
Visited: 51
Expanded: 29
Path: (2, 11)(2, 12)(2, 13)(2, 14)(2, 15)(2, 16)(3, 16)(4, 16)(5, 16)(6, 16)(7, 16)(7, 17)(7, 18)(6, 18)(5, 18)(5, 19)(4, 19)(3, 19)(2, 19)(2, 20)(2, 21)

DFS: (2, 11) -> (23, 19)
Cost: 90
Visited: 161
Expanded: 92
Path: (2, 11)(3, 11)(3, 10)(4, 10)(5, 10)(6, 10)(7, 10)(8, 10)(9, 10)(10, 10)(11, 10)(12, 10)(13, 10)(14, 10)(14, 9)(15, 9)(16, 9)(17, 9)(17, 8)(17, 7)(16, 7)(15, 7)(14, 7)(13, 7)(13, 6)(13, 5)(14, 5)(15, 5)(16, 5)(17, 5)(17, 4)(17, 3)(16, 3)(15, 3)(14, 3)(13, 3)(13, 2)(13, 1)(14, 1)(15, 1)(16, 1)(17, 1)(17, 0)(18, 0)(19, 0)(20, 0)(21, 0)(22, 0)(23, 0)(24, 0)(24, 1)(24, 2)(23, 2)(22, 2)(21, 2)(20, 2)(20, 3)(20, 4)(21, 4)(22, 4)(23, 4)(24, 4)(24, 5)(24, 6)(24, 7)(23, 7)(22, 7)(21, 7)(20, 7)(19, 7)(19, 8)(19, 9)(20, 9)(20, 10)(20, 11)(19, 11)(19, 12)(19, 13)(20, 13)(20, 14)(21, 14)(21, 15)(22, 15)(22, 16)(23, 16)(23, 17)(24, 17)(24, 18)(24, 19)(23, 19)

BFS: (2, 11) -> (23, 19)
Cost: 30
Visited: 386
Expanded: 378
Path: (2, 11)(2, 12)(2, 13)(2, 14)(2, 15)(2, 16)(3, 16)(4, 16)(5, 16)(6, 16)(7, 16)(8, 16)(9, 16)(9, 17)(10, 17)(11, 17)(11, 18)(11, 19)(12, 19)(13, 19)(14, 19)(15, 19)(16, 19)(17, 19)(18, 19)(19, 19)(20, 19)(21, 19)(22, 19)(23, 19)

A*: (2, 11) -> (23, 19)
Cost: 32
Visited: 75
Expanded: 34
Path: (2, 11)(3, 11)(3, 12)(4, 12)(5, 12)(6, 12)(7, 12)(8, 12)(9, 12)(9, 11)(10, 11)(11, 11)(12, 11)(13, 11)(14, 11)(14, 12)(14, 13)(14, 14)(14, 15)(15, 15)(16, 15)(17, 15)(18, 15)(19, 15)(19, 16)(20, 16)(20, 17)(21, 17)(21, 18)(22, 18)(22, 19)(23, 19)

